5.826700000000000000e+04
5.827200000000000000e+04
5.830200000000000000e+04
5.832800000000000000e+04
5.834200000000000000e+04
5.835800000000000000e+04
5.836300000000000000e+04
5.836500000000000000e+04
5.836900000000000000e+04
5.837700000000000000e+04
5.837900000000000000e+04
5.838400000000000000e+04
5.839700000000000000e+04
5.840000000000000000e+04
5.840500000000000000e+04
5.841100000000000000e+04
5.841300000000000000e+04
5.842000000000000000e+04
5.843200000000000000e+04
5.843900000000000000e+04
5.844600000000000000e+04
5.844800000000000000e+04
5.845500000000000000e+04
5.847400000000000000e+04
5.862200000000000000e+04
5.862900000000000000e+04
5.863000000000000000e+04
5.863200000000000000e+04
