5.824400000000000000e+04
5.824600000000000000e+04
5.825100000000000000e+04
5.826000000000000000e+04
5.826500000000000000e+04
5.826700000000000000e+04
5.827200000000000000e+04
5.827400000000000000e+04
5.830000000000000000e+04
5.830700000000000000e+04
5.830900000000000000e+04
5.832100000000000000e+04
5.832300000000000000e+04
5.832800000000000000e+04
5.833000000000000000e+04
5.835100000000000000e+04
5.835600000000000000e+04
5.835800000000000000e+04
5.836500000000000000e+04
5.836900000000000000e+04
5.837700000000000000e+04
5.837900000000000000e+04
5.838400000000000000e+04
5.839700000000000000e+04
5.840000000000000000e+04
5.840500000000000000e+04
5.841800000000000000e+04
5.842000000000000000e+04
5.842700000000000000e+04
5.843200000000000000e+04
5.843900000000000000e+04
5.844800000000000000e+04
5.845300000000000000e+04
5.845500000000000000e+04
5.846000000000000000e+04
5.847400000000000000e+04
5.848100000000000000e+04
5.859400000000000000e+04
5.862200000000000000e+04
5.862400000000000000e+04
5.862500000000000000e+04
5.862900000000000000e+04
5.863000000000000000e+04
5.863000000000000000e+04
5.863100000000000000e+04
5.864800000000000000e+04
5.864800000000000000e+04
5.865400000000000000e+04
5.865800000000000000e+04
5.865900000000000000e+04
