-7.018970732279221064e-10
-1.020791583200718051e-09
-1.479814394573756225e-09
-2.138370486327796853e-09
-3.080088437191813575e-09
-4.422286940646675383e-09
-6.328970727557142152e-09
-9.028603954384763291e-09
-1.283832444920427102e-08
-1.819680619614181970e-08
-2.570868656655908446e-08
-3.620439477067999879e-08
-5.082040567828232644e-08
-7.110646884935870638e-08
-9.916831264321533846e-08
-1.378568028467530670e-07
-1.910176716448695502e-07
-2.638198786640763950e-07
-3.631856029598609049e-07
-4.983510074314857954e-07
-6.815945153811600326e-07
-9.291786817646660797e-07
-1.262563159058000868e-06
-1.709960121439716835e-06
-2.308320234077739322e-06
-3.105857287443041799e-06
-4.165243441855639525e-06
-5.567635147841515775e-06
-7.417722731493630174e-06
-9.850034852407944127e-06
-1.303677300061388687e-05
-1.719750126038331375e-05
-2.261107296409249176e-05
-2.963023863063795073e-05
-3.869944851411120994e-05
-5.037643762385256150e-05
-6.535826022887411427e-05
-8.451252310495398624e-05
-1.089146499513188608e-04
-1.398920905609755971e-04
-1.790764636560097359e-04
-2.284646869801565448e-04
-2.904901963587395086e-04
-3.681053798922538037e-04
-4.648763459155780546e-04
-5.850910942676395242e-04
-7.338820590357416187e-04
-9.173638254775764089e-04
-1.142786581669192865e-03
-1.418705533468545736e-03
-1.755166076461997168e-03
-2.163903968047214445e-03
-2.658559065324452454e-03
-3.254900380759765104e-03
-3.971059251504583526e-03
-4.827766317905316483e-03
-5.848586765675268216e-03
-7.060146914743334681e-03
-8.492343754298647268e-03
-1.017852745567225312e-02
-1.215564528050326609e-02
-1.446433369050375076e-02
-1.714894391833484202e-02
-2.025748484994539800e-02
-2.384146588218005736e-02
-2.795562155113259090e-02
-3.265749928105635830e-02
-3.800689169135459261e-02
-4.406509563373500055e-02
-5.089398162489582045e-02
-5.855485969713270650e-02
-6.710713100211898596e-02
-7.660671884430733658e-02
-8.710427823565244920e-02
-9.864318956423571982e-02
-1.112573495261412748e-01
-1.249687810047885733e-01
-1.397850929633799033e-01
-1.556968314546249288e-01
-1.726747732975705829e-01
-1.906672245139617028e-01
-2.095973958883205479e-01
-2.293609375975785292e-01
-2.498237232862110246e-01
-2.708199807507202794e-01
-2.921508710393742048e-01
-3.135836197723324559e-01
-3.348513033754464963e-01
-3.556533882830008042e-01
-3.756571126638969527e-01
-3.944997876297116068e-01
-4.117920780875475306e-01
-4.271223024517551425e-01
-4.400617655406588447e-01
-4.501711105524253687e-01
-4.570076446199308196e-01
-4.601335588547628697e-01
-4.591249289468571360e-01
-4.535813473855634381e-01
-4.431360044336647430e-01
-4.274660034307006251e-01
-4.063026681822390351e-01
-3.794415774553900889e-01
-3.467520452303122780e-01
-3.081857565102590901e-01
-2.637842681419058088e-01
-2.136850929753963402e-01
-1.581261042401431172e-01
-9.744802533463273186e-02
-3.209480806911925443e-02
3.738825087899433353e-02
1.103587509555605667e-01
1.860838207672932676e-01
2.637491119536537476e-01
3.424700541094969908e-01
4.213052018664998344e-01
4.992714379528624402e-01
5.753607329897052480e-01
6.485581063115025691e-01
7.178603844357420716e-01
7.822953169333177748e-01
8.409405850165277974e-01
8.929422274088268940e-01
9.375320117617620408e-01
9.740432982953877161e-01
1.001924975174762089e+00
1.020753091571347415e+00
1.030239873049852095e+00
1.030239873049852095e+00
1.020753091571347415e+00
1.001924975174762089e+00
9.740432982953884933e-01
9.375320117617620408e-01
8.929422274088268940e-01
8.409405850165277974e-01
7.822953169333177748e-01
7.178603844357420716e-01
6.485581063115041234e-01
5.753607329897052480e-01
4.992714379528624402e-01
4.213052018664998344e-01
3.424700541094969908e-01
2.637491119536537476e-01
1.860838207672932676e-01
1.103587509555622737e-01
3.738825087899433353e-02
-3.209480806911925443e-02
-9.744802533463273186e-02
-1.581261042401431172e-01
-2.136850929753963402e-01
-2.637842681419048096e-01
-3.081857565102590901e-01
-3.467520452303122780e-01
-3.794415774553900889e-01
-4.063026681822390351e-01
-4.274660034307003476e-01
-4.431360044336645765e-01
-4.535813473855634936e-01
-4.591249289468571360e-01
-4.601335588547628697e-01
-4.570076446199308196e-01
-4.501711105524254797e-01
-4.400617655406590112e-01
-4.271223024517553646e-01
-4.117920780875475306e-01
-3.944997876297116068e-01
-3.756571126638969527e-01
-3.556533882830008042e-01
-3.348513033754466628e-01
-3.135836197723327334e-01
-2.921508710393739827e-01
-2.708199807507202794e-01
-2.498237232862110246e-01
-2.293609375975785292e-01
-2.095973958883207422e-01
-1.906672245139619248e-01
-1.726747732975703609e-01
-1.556968314546249288e-01
-1.397850929633799033e-01
-1.249687810047885733e-01
-1.112573495261414275e-01
-9.864318956423584472e-02
-8.710427823565256022e-02
-7.660671884430733658e-02
-6.710713100211898596e-02
-5.855485969713270650e-02
-5.089398162489582045e-02
-4.406509563373509075e-02
-3.800689169135464812e-02
-3.265749928105628197e-02
-2.795562155113259090e-02
-2.384146588218005736e-02
-2.025748484994539800e-02
-1.714894391833486631e-02
-1.446433369050378545e-02
-1.215564528050329385e-02
-1.017852745567225312e-02
-8.492343754298647268e-03
-7.060146914743334681e-03
-5.848586765675268216e-03
-4.827766317905331228e-03
-3.971059251504595669e-03
-3.254900380759755130e-03
-2.658559065324452454e-03
-2.163903968047214445e-03
-1.755166076461997168e-03
-1.418705533468545736e-03
-1.142786581669196768e-03
-9.173638254775808541e-04
-7.338820590357451965e-04
-5.850910942676433189e-04
-4.648763459155810362e-04
-3.681053798922514185e-04
-2.904901963587385870e-04
-2.284646869801557859e-04
-1.790764636560097359e-04
-1.398920905609755971e-04
-1.089146499513188608e-04
-8.451252310495398624e-05
-6.535826022887431756e-05
-5.037643762385272413e-05
-3.869944851411146066e-05
-2.963023863063814724e-05
-2.261107296409263745e-05
-1.719750126038320195e-05
-1.303677300061380047e-05
-9.850034852407911940e-06
-7.417722731493606457e-06
-5.567635147841515775e-06
-4.165243441855639525e-06
-3.105857287443041799e-06
-2.308320234077739322e-06
-1.709960121439716835e-06
-1.262563159058000868e-06
-9.291786817646723266e-07
-6.815945153811645854e-07
-4.983510074314890777e-07
-3.631856029598572521e-07
-2.638198786640745951e-07
-1.910176716448695502e-07
-1.378568028467530670e-07
-9.916831264321533846e-08
-7.110646884935870638e-08
-5.082040567828232644e-08
-3.620439477067999879e-08
-2.570868656655908446e-08
-1.819680619614194213e-08
-1.283832444920435870e-08
-9.028603954384855935e-09
-6.328970727557184338e-09
-4.422286940646630716e-09
-3.080088437191781728e-09
-2.138370486327796853e-09
-1.479814394573756225e-09
-1.020791583200718051e-09
-7.018970732279221064e-10
