-8.446214023756222439e-15
-8.444510685072259170e-15
-3.513273818544805737e-15
1.175183286447606479e-14
4.579028592079270301e-14
1.102999784008361783e-13
2.190734162088667755e-13
3.839621771513753570e-13
6.057678566295843450e-13
8.572145733704395067e-13
1.055008276826382661e-12
1.019084011176333537e-12
4.206541567179750647e-13
-1.271815040052896354e-12
-4.826248126052163325e-12
-1.121716147265924677e-11
-2.146136789309394405e-11
-3.621585874597433897e-11
-5.500675895205059121e-11
-7.495249857553776024e-11
-8.888981580626782517e-11
-8.295012417198769250e-11
-3.391888495848798642e-11
9.280446901723671862e-11
3.431100518830981014e-10
7.694779396640491132e-10
1.418194645438165380e-09
2.304206565494266626e-09
3.369286290421565848e-09
4.420713849504268297e-09
5.051852637761355465e-09
4.554037296615259745e-09
1.842111000925943568e-09
-4.565960214090057946e-09
-1.645296732731863531e-08
-3.560532175161839146e-08
-6.321570241136217887e-08
-9.889089421459518295e-08
-1.392104427129452254e-07
-1.758767642644409843e-07
-1.936654009279711036e-07
-1.686357012251154197e-07
-6.739015943385427681e-08
1.514623948213837935e-07
5.321591180173519981e-07
1.111319859052480248e-06
1.900748864999559525e-06
2.862882092204954010e-06
3.879875329451227667e-06
4.719916935605325777e-06
5.007907170440852180e-06
4.211887279804347973e-06
1.660837188505960789e-06
-3.387486272830810080e-06
-1.160979966859911346e-05
-2.339745026470506432e-05
-3.855095288631242583e-05
-5.590657346799547862e-05
-7.294168605644237415e-05
-8.544174743595154826e-05
-8.735012479789045522e-05
-7.095436017380102019e-05
-2.757696626098707417e-05
5.107874350196755424e-05
1.708414869339092905e-04
3.322792054431876300e-04
5.274193505213027383e-04
7.364351923511421949e-04
9.250088969236846875e-04
1.043315876835749145e-03
1.027718040067007385e-03
8.062271081844610277e-04
3.085246363893016236e-04
-5.192565623074526116e-04
-1.695691318657454628e-03
-3.183045453799163843e-03
-4.867293395265206817e-03
-6.543625407603015538e-03
-7.912762316931869905e-03
-8.593527860292942896e-03
-8.156198349513870891e-03
-6.178918541526659709e-03
-2.325888279404577080e-03
3.558699450944399680e-03
1.135231704969606910e-02
2.056778081685236084e-02
3.029908225874692468e-02
3.922062887354552108e-02
4.565858449774086447e-02
4.774602157341974878e-02
4.366214641621381232e-02
3.194074852430465322e-02
1.181604776293288146e-02
-1.644203973868282181e-02
-5.126322160774499787e-02
-8.964721828063376696e-02
-1.272277545099964602e-01
-1.585706816261882590e-01
-1.777169664165405005e-01
-1.789422801148969067e-01
-1.576616405794030451e-01
-1.113668702677416134e-01
-4.045443661599491814e-02
5.121081892771147531e-02
1.561386215547413137e-01
2.635668918652516179e-01
3.603666951235727778e-01
4.324575064919392586e-01
4.666029466302405448e-01
4.523752832576970473e-01
3.840173161207135477e-01
2.619063232114478001e-01
9.334573025601522467e-02
-1.075214019535212923e-01
-3.207725694964355112e-01
-5.226962826159317066e-01
-6.885219412840499764e-01
-7.955659421268220788e-01
-8.263769842110428865e-01
-7.714271872264807373e-01
-6.309276043239101517e-01
-4.154470821745744336e-01
-1.451706935493495276e-01
1.521737148421821173e-01
4.444939971247379162e-01
6.992175967864215913e-01
8.873628255747314508e-01
9.872362893338724188e-01
9.872362893338724188e-01
8.873628255747314508e-01
6.992175967864248110e-01
4.444939971247418575e-01
1.521737148421863639e-01
-1.451706935493495276e-01
-4.154470821745744336e-01
-6.309276043239101517e-01
-7.714271872264807373e-01
-8.263769842110428865e-01
-7.955659421268230780e-01
-6.885219412840519748e-01
-5.226962826159291531e-01
-3.207725694964355112e-01
-1.075214019535212923e-01
9.334573025601522467e-02
2.619063232114478001e-01
3.840173161207135477e-01
4.523752832576964367e-01
4.666029466302406559e-01
4.324575064919399803e-01
3.603666951235727778e-01
2.635668918652516179e-01
1.561386215547413137e-01
5.121081892771147531e-02
-4.045443661599491814e-02
-1.113668702677405864e-01
-1.576616405794024067e-01
-1.789422801148968789e-01
-1.777169664165405005e-01
-1.585706816261882590e-01
-1.272277545099964602e-01
-8.964721828063376696e-02
-5.126322160774499787e-02
-1.644203973868318958e-02
1.181604776293261258e-02
3.194074852430448669e-02
4.366214641621381232e-02
4.774602157341974878e-02
4.565858449774086447e-02
3.922062887354552108e-02
3.029908225874692468e-02
2.056778081685251350e-02
1.135231704969620614e-02
3.558699450944320750e-03
-2.325888279404577080e-03
-6.178918541526659709e-03
-8.156198349513870891e-03
-8.593527860292942896e-03
-7.912762316931869905e-03
-6.543625407603036355e-03
-4.867293395265228501e-03
-3.183045453799182491e-03
-1.695691318657454628e-03
-5.192565623074526116e-04
3.085246363893016236e-04
8.062271081844610277e-04
1.027718040067007385e-03
1.043315876835750663e-03
9.250088969236873980e-04
7.364351923511392676e-04
5.274193505213027383e-04
3.322792054431876300e-04
1.708414869339092905e-04
5.107874350196755424e-05
-2.757696626098707417e-05
-7.095436017380074914e-05
-8.735012479789044167e-05
-8.544174743595168379e-05
-7.294168605644237415e-05
-5.590657346799547862e-05
-3.855095288631242583e-05
-2.339745026470506432e-05
-1.160979966859911346e-05
-3.387486272830953652e-06
1.660837188505872274e-06
4.211887279804364914e-06
5.007907170440852180e-06
4.719916935605325777e-06
3.879875329451227667e-06
2.862882092204954010e-06
1.900748864999559525e-06
1.111319859052487660e-06
5.321591180173582449e-07
1.514623948213873140e-07
-6.739015943385427681e-08
-1.686357012251154197e-07
-1.936654009279711036e-07
-1.758767642644409843e-07
-1.392104427129452254e-07
-9.889089421459593734e-08
-6.321570241136273474e-08
-3.560532175161814662e-08
-1.645296732731863531e-08
-4.565960214090057946e-09
1.842111000925943568e-09
4.554037296615259745e-09
5.051852637761355465e-09
4.420713849504274915e-09
3.369286290421587768e-09
2.304206565494276138e-09
1.418194645438165380e-09
7.694779396640491132e-10
3.431100518830981014e-10
9.280446901723671862e-11
-3.391888495848798642e-11
-8.295012417198698164e-11
-8.888981580626742450e-11
-7.495249857553754052e-11
-5.500675895205059121e-11
-3.621585874597433897e-11
-2.146136789309394405e-11
-1.121716147265924677e-11
-4.826248126052163325e-12
-1.271815040052905441e-12
4.206541567179780939e-13
1.019084011176340807e-12
1.055008276826382661e-12
8.572145733704395067e-13
6.057678566295843450e-13
3.839621771513753570e-13
2.190734162088667755e-13
1.102999784008369482e-13
4.579028592079302487e-14
1.175183286447559305e-14
-3.513273818544805737e-15
-8.444510685072259170e-15
-8.446214023756222439e-15
