1.240532033178218115e-10
1.818997059298500547e-10
2.658845446433843922e-10
3.874278514656904390e-10
5.627620286079672923e-10
8.148815460946490902e-10
1.176249523094291881e-09
1.692541167030319103e-09
2.427802383303539425e-09
3.471532503949151194e-09
4.948373046386972366e-09
7.031312415059617693e-09
9.959615682178695890e-09
1.406307951756428245e-08
1.979472077405798801e-08
2.777466545406141607e-08
3.884885294087102757e-08
5.416725812103535101e-08
7.528772233367583438e-08
1.043132473695987354e-07
1.440728351704192234e-07
1.983587579040552598e-07
2.722366481866574988e-07
3.724491606847285704e-07
5.079393541302006835e-07
6.905265862382325496e-07
9.357758441834111586e-07
1.264111324741993338e-06
1.702237039967089684e-06
2.284941599444396420e-06
3.057381483911896617e-06
4.077957480125477436e-06
5.421922916573117988e-06
7.185890356884495786e-06
9.493435899974698937e-06
1.250203760480002976e-05
1.641162715293090863e-05
2.147508194914251676e-05
2.801103857929312111e-05
3.641946786361789531e-05
4.720051640123165367e-05
6.097718894451372389e-05
7.852251925253385173e-05
1.007919528915473428e-04
1.289617418947948120e-04
1.644742257726657922e-04
2.090909428968568302e-04
2.649545768216760608e-04
3.346607888749786037e-04
4.213410156975322938e-04
5.287573117849328659e-04
6.614102850631192396e-04
8.246610998598834620e-04
1.024868397367432755e-03
1.269540799342452463e-03
1.567505406598300888e-03
1.929092370095423798e-03
2.366335189882211743e-03
2.893185877496220592e-03
3.525743493978327446e-03
4.282493843879717904e-03
5.184557264018052440e-03
6.255940496486043015e-03
7.523787585323286897e-03
9.018623597503491046e-03
1.077458375977427031e-02
1.282961934853393653e-02
1.522567040278218625e-02
1.800879409031708525e-02
2.122923639252706843e-02
2.494143373850322282e-02
2.920393037665941494e-02
3.407919668911216227e-02
3.963333340231549318e-02
4.593564680042370313e-02
5.305808067855708604e-02
6.107449195092939931e-02
7.005975861596054621e-02
8.008871122843834456e-02
9.123488217399627898e-02
1.035690709011061333e-01
1.171577278348392565e-01
1.320611649424657252e-01
1.483316067812021077e-01
1.660111022383208013e-01
1.851293239447679706e-01
2.057012893426841960e-01
2.277250444191294410e-01
2.511793579570926194e-01
2.760214805490776580e-01
3.021850282972546875e-01
3.295780558048474473e-01
3.580813864615430830e-01
3.875472698653961157e-01
4.177984362497917936e-01
4.486276157744865656e-01
4.797975863183883138e-01
5.110418068604613007e-01
5.420656846052213096e-01
5.725485127309986044e-01
6.021461021291186766e-01
6.304941149679174073e-01
6.572120906568170717e-01
6.819081361918845063e-01
7.041842334079422283e-01
7.236420958887195276e-01
7.398894887991364078e-01
7.525469063462366659e-01
7.612544846098432405e-01
7.656790127681005753e-01
7.655208939037271287e-01
7.605208981847054739e-01
7.504665467571598469e-01
7.351979645515732686e-01
7.146130446428518024e-01
6.886717759329726851e-01
6.573995996990498192e-01
6.208896787642448345e-01
5.793039853361492408e-01
5.328731393929841964e-01
4.818949582150406918e-01
4.267317084662384796e-01
3.678060842389785368e-01
3.055959667261087809e-01
2.406280526834964628e-01
1.734704686027405962e-01
1.047245145712117076e-01
3.501570527487034290e-02
-3.501570527487034290e-02
-1.047245145712117076e-01
-1.734704686027405962e-01
-2.406280526834949918e-01
-3.055959667261087809e-01
-3.678060842389785368e-01
-4.267317084662384796e-01
-4.818949582150406918e-01
-5.328731393929841964e-01
-5.793039853361482416e-01
-6.208896787642448345e-01
-6.573995996990498192e-01
-6.886717759329726851e-01
-7.146130446428518024e-01
-7.351979645515732686e-01
-7.504665467571598469e-01
-7.605208981847053629e-01
-7.655208939037271287e-01
-7.656790127681005753e-01
-7.612544846098432405e-01
-7.525469063462366659e-01
-7.398894887991364078e-01
-7.236420958887199717e-01
-7.041842334079422283e-01
-6.819081361918845063e-01
-6.572120906568170717e-01
-6.304941149679174073e-01
-6.021461021291191207e-01
-5.725485127309988265e-01
-5.420656846052209765e-01
-5.110418068604613007e-01
-4.797975863183883138e-01
-4.486276157744865656e-01
-4.177984362497922377e-01
-3.875472698653965598e-01
-3.580813864615434716e-01
-3.295780558048474473e-01
-3.021850282972546875e-01
-2.760214805490776580e-01
-2.511793579570926194e-01
-2.277250444191296352e-01
-2.057012893426844180e-01
-1.851293239447677763e-01
-1.660111022383208013e-01
-1.483316067812021077e-01
-1.320611649424657252e-01
-1.171577278348393814e-01
-1.035690709011062860e-01
-9.123488217399612632e-02
-8.008871122843834456e-02
-7.005975861596054621e-02
-6.107449195092939931e-02
-5.305808067855716931e-02
-4.593564680042376558e-02
-3.963333340231556257e-02
-3.407919668911216227e-02
-2.920393037665941494e-02
-2.494143373850322282e-02
-2.122923639252706843e-02
-1.800879409031713035e-02
-1.522567040278221054e-02
-1.282961934853390357e-02
-1.077458375977427031e-02
-9.018623597503491046e-03
-7.523787585323286897e-03
-6.255940496486052556e-03
-5.184557264018065451e-03
-4.282493843879728312e-03
-3.525743493978327446e-03
-2.893185877496220592e-03
-2.366335189882211743e-03
-1.929092370095423798e-03
-1.567505406598306093e-03
-1.269540799342456800e-03
-1.024868397367429285e-03
-8.246610998598834620e-04
-6.614102850631192396e-04
-5.287573117849328659e-04
-4.213410156975322938e-04
-3.346607888749797964e-04
-2.649545768216773618e-04
-2.090909428968578873e-04
-1.644742257726669306e-04
-1.289617418947957065e-04
-1.007919528915466516e-04
-7.852251925253356712e-05
-6.097718894451350027e-05
-4.720051640123165367e-05
-3.641946786361789531e-05
-2.801103857929312111e-05
-2.147508194914251676e-05
-1.641162715293096623e-05
-1.250203760480007211e-05
-9.493435899974761617e-06
-7.185890356884545761e-06
-5.421922916573154410e-06
-4.077957480125450330e-06
-3.057381483911875865e-06
-2.284941599444388796e-06
-1.702237039967084178e-06
-1.264111324741993338e-06
-9.357758441834111586e-07
-6.905265862382325496e-07
-5.079393541302006835e-07
-3.724491606847285704e-07
-2.722366481866574988e-07
-1.983587579040566627e-07
-1.440728351704202293e-07
-1.043132473695994501e-07
-7.528772233367505352e-08
-5.416725812103498705e-08
-3.884885294087102757e-08
-2.777466545406141607e-08
-1.979472077405798801e-08
-1.406307951756428245e-08
-9.959615682178695890e-09
-7.031312415059617693e-09
-4.948373046386972366e-09
-3.471532503949174769e-09
-2.427802383303556382e-09
-1.692541167030336681e-09
-1.176249523094299739e-09
-8.148815460946405082e-10
-5.627620286079612953e-10
-3.874278514656904390e-10
-2.658845446433843922e-10
-1.818997059298500547e-10
-1.240532033178218115e-10
