3.648487437880466127e-06
7.279024487742301232e-06
1.094360186971132517e-05
1.460663806388393537e-05
1.823063318827830210e-05
2.187218457475619855e-05
2.555022298194185829e-05
2.921343716847211398e-05
3.290572909065804990e-05
3.654760962173413000e-05
4.019141416543963710e-05
4.381127026119681546e-05
4.743749594061469300e-05
5.106815165204851679e-05
5.470966489730705356e-05
5.837132800757682957e-05
6.201091300229264890e-05
6.567011247230867437e-05
6.929878484032704589e-05
7.293813251189919787e-05
7.656986041539295073e-05
8.020178185025974617e-05
8.382968856861204034e-05
8.746725207869294268e-05
9.110801662593844181e-05
9.474781634159370840e-05
9.838147814618092540e-05
1.020115786909746796e-04
1.056300715912930507e-04
1.092863836297270762e-04
1.129409651869049138e-04
1.165662641759519015e-04
1.201985147554167756e-04
1.238179668367743751e-04
1.274506002410722674e-04
1.311024059650513901e-04
1.347464252296963580e-04
1.383939958656704467e-04
1.420096055723204403e-04
1.456187482233043328e-04
1.492451674340952868e-04
1.528796598696856919e-04
1.565446144259367216e-04
1.601964639416865097e-04
1.638056560349920041e-04
1.674658740168330257e-04
1.711175935699087820e-04
1.747377675091618340e-04
1.783424222099815298e-04
1.819233276447769368e-04
1.855027356835466752e-04
1.890906096604131844e-04
1.926831072006687231e-04
1.963207893723215947e-04
1.999001380803054433e-04
2.035278343156315603e-04
2.071176591452449122e-04
2.107250458874928201e-04
2.143420300906834057e-04
2.179375125345262378e-04
2.215255645037504434e-04
2.251237959406745951e-04
2.287022659879716182e-04
2.323195200049744469e-04
2.359223750052876823e-04
2.395073869780519748e-04
2.430937409566884190e-04
2.467389454244140845e-04
2.503538007824998601e-04
2.539624108690478692e-04
2.575672492127762249e-04
2.611844481369061900e-04
2.648128125498927250e-04
2.684549840843473241e-04
2.721183494231179485e-04
2.757514292209479784e-04
2.793707033099476376e-04
2.829847336875815681e-04
2.866007855498503478e-04
2.901953850950928946e-04
2.938394425009573747e-04
2.974770865313906528e-04
3.010861161713535667e-04
3.047159257127688629e-04
3.083598969477300308e-04
3.119863006195056250e-04
3.156150803479937676e-04
3.192293918405421393e-04
3.228040463532488706e-04
3.264012649288990033e-04
3.300127793986822283e-04
3.336255440528831397e-04
3.372452391079355598e-04
3.408726612915360553e-04
3.444918873508520229e-04
3.480944937269193928e-04
3.517141887819717045e-04
3.552719170690357762e-04
3.588497627304425589e-04
3.624474390007268918e-04
3.660518295382853894e-04
3.696429907232197669e-04
3.732847850833923790e-04
3.769195515707080804e-04
3.805336850708985661e-04
3.841537346980286312e-04
3.877714944393494600e-04
3.914146731845270875e-04
3.950827920493608274e-04
3.987308853613061592e-04
4.023597088815648046e-04
4.059751081051884178e-04
4.096077189072820494e-04
4.132522551973472156e-04
4.168604231282764657e-04
4.204662517310748778e-04
4.240939974087225154e-04
4.277127064426182847e-04
4.312987863695293242e-04
4.349164274492784278e-04
4.385728736882996874e-04
4.422119134048399080e-04
4.458538631551662267e-04
4.494576448458500605e-04
4.530640822955230821e-04
4.566897966000715826e-04
4.602817276725853211e-04
4.638787682558776220e-04
4.674655318994646561e-04
4.710119717981871897e-04
4.746154243442729992e-04
4.782408575339072753e-04
4.818399450293141002e-04
4.854263964799560276e-04
4.890196639077909815e-04
4.926138156468637787e-04
4.961760869769647753e-04
4.997825526793930754e-04
5.033728408541918078e-04
5.069939358332646844e-04
5.105716303424313830e-04
5.141671184368252871e-04
5.177739556629844210e-04
5.213818000998665832e-04
5.249933202202005820e-04
5.285922848161218966e-04
5.322026027817218464e-04
5.358037484903448514e-04
5.394491041103105467e-04
5.430389713190562472e-04
5.466370572542908176e-04
5.502691566815151331e-04
5.538960293490266919e-04
5.575112887215119854e-04
5.610427475967875218e-04
5.646605129886593955e-04
5.682813720572260814e-04
5.718845717411526197e-04
5.754777374590686577e-04
5.790607448988511000e-04
5.826776259794850220e-04
5.863069227333932544e-04
5.898867347865621854e-04
5.934808060052824442e-04
5.970959142255273825e-04
6.006902114662893274e-04
6.042770556302284662e-04
6.079111708915367488e-04
6.115098868632124146e-04
6.151127785921073603e-04
6.187223803503630109e-04
6.223367186830284798e-04
6.259238213596776635e-04
6.295283305588077237e-04
6.331521858320636031e-04
6.367559830617625528e-04
6.403774071854331828e-04
6.439839534082136959e-04
6.475996393973025783e-04
6.512293090875794464e-04
6.548692811450414729e-04
6.584786667697199421e-04
6.620842538114612812e-04
6.656926322254167220e-04
6.693011773306277966e-04
6.728909046882353400e-04
6.764829713739738300e-04
6.800884609437095503e-04
6.837115887085190406e-04
6.873056542766882004e-04
6.908887860285935212e-04
6.945047940990916897e-04
6.980966022721199178e-04
7.017225962789447324e-04
7.053603815731537526e-04
7.089808578168872982e-04
7.126152315909054088e-04
7.162330831536804863e-04
7.198536837095369104e-04
7.234673326749754482e-04
7.270776393394736336e-04
7.307304960659462062e-04
7.343441450313849608e-04
7.379688676642258199e-04
7.415799187888235831e-04
7.452212328521578156e-04
7.488690026700561136e-04
7.525150759100042355e-04
7.561658475831427176e-04
7.598151218602555582e-04
7.634484333306783190e-04
7.670722886039343068e-04
7.706828862718110044e-04
7.743150563309234621e-04
7.779329460349183227e-04
7.815954539025685805e-04
7.852244596530983008e-04
7.888360334536673613e-04
7.924706177107119880e-04
7.961026154280177129e-04
7.997233558350126193e-04
8.033432599604534282e-04
8.069739481625556312e-04
8.106140925618244989e-04
8.142222011619678051e-04
8.178319908010457922e-04
8.215043927835683933e-04
8.251777172185485124e-04
8.288270070346767399e-04
8.324493366591519160e-04
8.360833657495569948e-04
8.397047418435439874e-04
8.433277396456797170e-04
8.469576297074473889e-04
8.506044615338728904e-04
8.542084424064809878e-04
8.578194130107262127e-04
8.614799982783847166e-04
8.651782826099493071e-04
8.688187773433824141e-04
8.724659976451919381e-04
8.761053834579836429e-04
8.797078076037799380e-04
8.833035217202154198e-04
8.869350447912337015e-04
8.905990783076649878e-04
8.942560853638770570e-04
8.979228664607518881e-04
9.015823625846974571e-04
9.052074779308357444e-04
9.088179738887937429e-04
9.124614817785695574e-04
9.161195935175101652e-04
9.198134266274924590e-04
9.234608574123282822e-04
9.270719777561762772e-04
9.307337863681352077e-04
9.343679440085763538e-04
9.379994289383752860e-04
9.416313998155636427e-04
9.452607615508090266e-04
9.489126859363600100e-04
9.525529927889712142e-04
9.561984515314938442e-04
9.598437803113426051e-04
9.634839572012799400e-04
9.671644592487194146e-04
9.708253129175525766e-04
9.744768770804747076e-04
9.781514785399899898e-04
9.818497204924217167e-04
9.855078364692756217e-04
9.891509940248867632e-04
9.928089546115870159e-04
9.964713607693183577e-04
1.000105045176109646e-03
1.003748794626942208e-03
1.007345193872691324e-03
1.010960173542900086e-03
1.014569564818129438e-03
1.018222761990302070e-03
1.021873393812302178e-03
1.025499414659244470e-03
1.029166396350680987e-03
1.032814813156673244e-03
1.036446137045767208e-03
1.040073090233631413e-03
1.043683322028328159e-03
1.047290595759555170e-03
1.050931134284759051e-03
1.054521740303053555e-03
1.058140227552820936e-03
1.061805775416931269e-03
1.065449396317727764e-03
1.069119288042950488e-03
1.072776499931637866e-03
1.076417130278296483e-03
1.080030013594069065e-03
1.083683679761978259e-03
1.087331342219406867e-03
1.090997110455007571e-03
1.094624360296801279e-03
1.098298330307237664e-03
1.101980082539094933e-03
1.105674869179565194e-03
1.109405803807680946e-03
1.113158714841431867e-03
1.116927032102595519e-03
1.120759562225786144e-03
1.124765896235800861e-03
1.129013960819338479e-03
1.133605221508799570e-03
1.138381931870779918e-03
1.143043133668385442e-03
1.147422053712924455e-03
1.151486803119598562e-03
1.155422814609273615e-03
1.159325355059858797e-03
1.163149489876840739e-03
1.166946869334644504e-03
1.170733163823944401e-03
1.174501362423535948e-03
1.178359273409363642e-03
1.182235437087690707e-03
1.186170148950626635e-03
1.190257752010984854e-03
1.194535907191451992e-03
1.199251745579708352e-03
1.204483366266963272e-03
1.210310673695483546e-03
1.216660224828117545e-03
1.223399012756554724e-03
1.230499479743369946e-03
1.237759708997673239e-03
1.245619660899322792e-03
1.255214839107434734e-03
1.268230565674317032e-03
1.286475235891858379e-03
1.310507314908981522e-03
1.339197428501811594e-03
1.367726330460811591e-03
1.390906393964532134e-03
1.406749992479985455e-03
1.416977141030232451e-03
1.423977425159732605e-03
1.429419359356723330e-03
1.434212542487624730e-03
1.438692018325846795e-03
1.442975078184617187e-03
1.447248054635055532e-03
1.451507931695543733e-03
1.455642917451653758e-03
1.459743788005855554e-03
1.463872878824592485e-03
1.468079201374954210e-03
1.472415647639957643e-03
1.476975674908540892e-03
1.482054534361046741e-03
1.487880268111101915e-03
1.494445052970790576e-03
1.500977283593295892e-03
1.506722314760749202e-03
1.511708734023504150e-03
1.516211887083224316e-03
1.520451545059450836e-03
1.524547074430280960e-03
1.528550035061324334e-03
1.532494985722745746e-03
1.536367975204025677e-03
1.540168915921622797e-03
1.543924564647353084e-03
1.547638557510811006e-03
1.551338496041192909e-03
1.555025000386475167e-03
1.558668146640984110e-03
1.562325287897783563e-03
1.565989957101206718e-03
1.569614140106423200e-03
1.573285282016063935e-03
1.576915420702077256e-03
1.580542929056581117e-03
1.584172667966108217e-03
1.587796167254648758e-03
1.591397021959893359e-03
1.595012631666543109e-03
1.598633609396681683e-03
1.602267961981133741e-03
1.605905665342352746e-03
1.609506008672728248e-03
1.613102785092759188e-03
1.616728321404949965e-03
1.620348307463380898e-03
1.623961912637048987e-03
1.627583007616121647e-03
1.631159425100753291e-03
1.634791541479630904e-03
1.638447400061344202e-03
1.642082625655932014e-03
1.645699674840459805e-03
1.649338850170224994e-03
1.652944016245914060e-03
1.656559664093783376e-03
1.660158940882650123e-03
1.663759467855934664e-03
1.667377055255448706e-03
1.670965802242450806e-03
1.674561581340223114e-03
1.678192667906173302e-03
1.681803853231358123e-03
1.685442657037392478e-03
1.689058326074828172e-03
1.692673024630122819e-03
1.696285142296229337e-03
1.699919994954448080e-03
1.703593782734613444e-03
1.707221857556858943e-03
1.710865650799462279e-03
1.714481761992516949e-03
1.718079976477787695e-03
1.721706293978659489e-03
1.725350820380260313e-03
1.728988131028182324e-03
1.732628055055960604e-03
1.736262536190448730e-03
1.739909848313712882e-03
1.743531756972135135e-03
1.747133447958933725e-03
1.750766474076529073e-03
1.754431891977965320e-03
1.758091489811829588e-03
1.761694495964382908e-03
1.765328098438184289e-03
1.768951322262361488e-03
1.772588282576118826e-03
1.776230890615641518e-03
1.779862122683281396e-03
1.783514596584920937e-03
1.787140548212612888e-03
1.790742141727406185e-03
1.794337656661917565e-03
1.797938888541444425e-03
1.801564252511828361e-03
1.805176456348838408e-03
1.808808458304057322e-03
1.812402087367158713e-03
1.815995522898886886e-03
1.819584302376557345e-03
1.823227201419458333e-03
1.826865697270460770e-03
1.830493636479481193e-03
1.834100732218350372e-03
1.837711260666976838e-03
1.841330777729671209e-03
1.844974010155083681e-03
1.848591942238211189e-03
1.852188318881756125e-03
1.855844516496531682e-03
1.859469869165813636e-03
1.863101549039623264e-03
1.866714820830780086e-03
1.870322288093380315e-03
1.873976050320657434e-03
1.877634252468414434e-03
1.881299945834213807e-03
1.884966544700817509e-03
1.888599921152577096e-03
1.892236142656785955e-03
1.895891974398381669e-03
1.899530018205300951e-03
1.903134963909499430e-03
1.906756135171011222e-03
1.910416751516700500e-03
1.914065157021590993e-03
1.917720676570241600e-03
1.921358471752915124e-03
1.924938375627538358e-03
1.928529908336203786e-03
1.932175399569394884e-03
1.935802109783564323e-03
1.939424956433459697e-03
1.943062977638175017e-03
1.946704216831708027e-03
1.950360301435462686e-03
1.954019726927520330e-03
1.957627517684168081e-03
1.961232279745457521e-03
1.964854884834295497e-03
1.968486773778494164e-03
1.972079104627494014e-03
1.975700679903405216e-03
1.979343207422574937e-03
1.982967832583410177e-03
1.986600228664564538e-03
1.990208967301148723e-03
1.993832606440827746e-03
1.997488799817689897e-03
2.001133676553455178e-03
2.004726934092825735e-03
2.008347006322159980e-03
2.012000628698299050e-03
2.015644594282709010e-03
2.019275136983121957e-03
2.022895655605988583e-03
2.026501403688434674e-03
2.030139097161189499e-03
2.033776687511388258e-03
2.037405446050310348e-03
2.041031246525762486e-03
2.044668352341209080e-03
2.048324345123509437e-03
2.051987968974990431e-03
2.055656329400881027e-03
2.059278055829032693e-03
2.062886202570395674e-03
2.066503542758301760e-03
2.070157019632751574e-03
2.073754205717732915e-03
2.077360126141986063e-03
2.081007287113009752e-03
2.084629055920294172e-03
2.088247418857938891e-03
2.091890555223983872e-03
2.095534132333010027e-03
2.099186014339427930e-03
2.102815128863065250e-03
2.106467426184985194e-03
2.110109710730460365e-03
2.113699250207246548e-03
2.117361003726332940e-03
2.120989654904785124e-03
2.124618543406381083e-03
2.128271244742700220e-03
2.131904017998136405e-03
2.135527775799387316e-03
2.139137873393497005e-03
2.142742225789836044e-03
2.146351013868742427e-03
2.149972551003433846e-03
2.153603126194514935e-03
2.157249785679133270e-03
2.160901068727140960e-03
2.164523231660359960e-03
2.168123785473761653e-03
2.171736016150889285e-03
2.175346603930301478e-03
2.178984247960734973e-03
2.182628337857267595e-03
2.186282310567571122e-03
2.189926593995476962e-03
2.193552647333087829e-03
2.197158772589815744e-03
2.200746043370358472e-03
2.204352465281016107e-03
2.207941104907548951e-03
2.211562745164796871e-03
2.215203569042828273e-03
2.218840157832854560e-03
2.222514958474293943e-03
2.226146087419377320e-03
2.229753102637893961e-03
2.233394314991309602e-03
2.237019801861178398e-03
2.240627355294681940e-03
2.244260300891924749e-03
2.247858203184250388e-03
2.251450754404740826e-03
2.255121582708798436e-03
2.258752054777323024e-03
2.262348712535782510e-03
2.265991822061709255e-03
2.269589923535959754e-03
2.273224237979191813e-03
2.276849655629810919e-03
2.280469565405802718e-03
2.284089281650421299e-03
2.287738841280361445e-03
2.291417321843165853e-03
2.295046005512286179e-03
2.298672711488542429e-03
2.302283121275597224e-03
2.305901204510964978e-03
2.309519961574544710e-03
2.313133011581573143e-03
2.316705925724559141e-03
2.320339625670366033e-03
2.323963264810044622e-03
2.327610377751384348e-03
2.331277585464862443e-03
2.334889396588575496e-03
2.338519803675763366e-03
2.342157043691797235e-03
2.345794191886376584e-03
2.349416424038846141e-03
2.353021099929232269e-03
2.356650515344712281e-03
2.360314403359454419e-03
2.363969114879306208e-03
2.367600976983387073e-03
2.371234520126402293e-03
2.374878625561950736e-03
2.378508553764938083e-03
2.382154470202094750e-03
2.385792680700270316e-03
2.389412703487283230e-03
2.393046543284228170e-03
2.396699443802471734e-03
2.400367109210584191e-03
2.403965668379469053e-03
2.407586483656264965e-03
2.411194004599100365e-03
2.414827478522865462e-03
2.418470770279063878e-03
2.422109530293327460e-03
2.425712525144779232e-03
2.429337171495180633e-03
2.432973080806444168e-03
2.436610052421303487e-03
2.440230172680321694e-03
2.443825913636874219e-03
2.447435417923124468e-03
2.451073735781769073e-03
2.454702063466174169e-03
2.458291779522679948e-03
2.461897194222614337e-03
2.465496168707000373e-03
2.469125223899851316e-03
2.472780850808971830e-03
2.476400513373355674e-03
2.480043223122796632e-03
2.483710187862580177e-03
2.487343694277013850e-03
2.490972075641653682e-03
2.494608492089872911e-03
2.498260552088649080e-03
2.501902938344042950e-03
2.505551462510505114e-03
2.509203694851087473e-03
2.512868553347970442e-03
2.516527192000795644e-03
2.520133512201534146e-03
2.523747714920974647e-03
2.527366029828935403e-03
2.531005921366044891e-03
2.534644729409992435e-03
2.538276872628987633e-03
2.541915422160225240e-03
2.545578868019348403e-03
2.549228362667951830e-03
2.552913961512429976e-03
2.556568225226111581e-03
2.560217821584633707e-03
2.563901044372399358e-03
2.567583076306533159e-03
2.571257963118875854e-03
2.574890299869243837e-03
2.578514149491948834e-03
2.582166025847815530e-03
2.585797893602447169e-03
2.589451849361097072e-03
2.593101344009700066e-03
2.596712664948109747e-03
2.600335048252819768e-03
2.603994220882717599e-03
2.607641403043307448e-03
2.611314490155143466e-03
2.614984435560601360e-03
2.618619579222198832e-03
2.622233599711368095e-03
2.625874504109752035e-03
2.629526569759078978e-03
2.633167447317345117e-03
2.636846418065452464e-03
2.640488486477350454e-03
2.644142324987066705e-03
2.647781473476714959e-03
2.651437515701336647e-03
2.655085765816073487e-03
2.658737491019700153e-03
2.662394448633590566e-03
2.666021363680234988e-03
2.669675820925289812e-03
2.673353282976269861e-03
2.677040353789294190e-03
2.680701563442842907e-03
2.684359966185162136e-03
2.688024172043400155e-03
2.691674551003241534e-03
2.695366224190088190e-03
2.699050266307755075e-03
2.702697454118895698e-03
2.706385753926771661e-03
2.710066110472521880e-03
2.713686963890537575e-03
2.717341679648302769e-03
2.721009603569125596e-03
2.724676330985765799e-03
2.728345435871755865e-03
2.732003224116649493e-03
2.735701956254383942e-03
2.739374067233527922e-03
2.743078133491444817e-03
2.746742301208463487e-03
2.750412769289892027e-03
2.754070578724352250e-03
2.757704564022986447e-03
2.761349040982265940e-03
2.765009802829644474e-03
2.768648740836265887e-03
2.772292754450359810e-03
2.775964337102981069e-03
2.779624895530522638e-03
2.783287112394794167e-03
2.786905643436332104e-03
2.790540480555535677e-03
