0.0084033613445379
0.0154061624649861
0.00280112044817937
0.00280112044817937
0.00280112044817937
0.00420168067226901
0.00280112044817937
0.00280112044817937
0.00420168067226895
0.00280112044817937
0.00280112044817937
0.00280112044817937
0.00280112044817937
0.00280112044817937
0.00980392156862753
0.00840336134453784
0.00980392156862747
0.00840336134453784
0.00280112044817937
0.00280112044817937
0.00280112044817937
0.00560224089635858
0.00280112044817937
0.00420168067226889
0.00280112044817937
0.00280112044817937
0.00140056022408974
0.00280112044817937
0.00420168067226895
0.00280112044817937
0.00980392156862747
0.00840336134453784
0.0042016806722689
0.00280112044817937
0.0140056022408964
0.00980392156862748
0.00280112044817937
0.00840336134453784
0.00280112044817937
0.0112044817927171
0.004201680672269
0.00560224089635864
0.00280112044817937
0.00700280112044821
0.00280112044817932
0.0196078431372549
0.00420168067226895
0.00280112044817937
0.00560224089635863
0.00280112044817937
0.00420168067226895
0.00840336134453784
0.00420168067226895
0.00560224089635858
0.00280112044817938
0.00560224089635858
0.00560224089635856
0.00980392156862742
0.00560224089635864
0.00840336134453784
0.00280112044817932
