0.0434173669467787
0.0336134453781513
0.0322128851540616
0.0560224089635854
0.0588235294117647
0.0252100840336135
0.0728291316526611
0.0560224089635854
0.0322128851540616
0.0490196078431372
0.0336134453781513
0.035014005602241
0.0336134453781513
0.0238095238095238
0.0392156862745099
0.0476190476190476
0.0378151260504202
0.0378151260504202
0.0812324929971989
0.0420168067226892
0.0476190476190477
0.0392156862745098
0.0364145658263305
0.0378151260504202
0.0280112044817927
0.0504201680672269
0.0406162464985994
0.092436974789916
0.0448179271708683
0.0462184873949579
0.0574229691876751
0.0574229691876751
0.0756302521008403
0.0294117647058823
0.0588235294117647
0.0378151260504202
0.0448179271708684
0.0266106442577031
0.0336134453781513
0.046218487394958
0.0322128851540616
0.0406162464985994
0.0742296918767507
0.0406162464985994
0.0448179271708684
0.046218487394958
0.0476190476190476
0.0378151260504202
0.0476190476190477
0.0350140056022409
0.0476190476190476
0.0644257703081232
0.0560224089635855
0.0252100840336135
0.0406162464985994
0.030812324929972
0.0434173669467787
0.046218487394958
0.0588235294117647
0.0504201680672269
0.0210084033613445
0.0168067226890757
0.030812324929972
0.0336134453781513
0.0392156862745098
0.0476190476190476
0.07703081232493
0.0420168067226891
0.0602240896358543
0.0252100840336134
0.0392156862745099
0.0476190476190477
0.0280112044817927
0.0294117647058824
0.0448179271708684
0.0700280112044818
0.0252100840336134
0.0392156862745098
0.0840336134453781
0.0672268907563025
0.0504201680672269
0.0392156862745098
0.0448179271708683
0.0420168067226892
0.0630252100840336
0.0322128851540616
0.0392156862745099
0.0378151260504202
0.046218487394958
0.0266106442577031
0.0364145658263305
0.0644257703081232
0.0490196078431372
0.0448179271708683
0.0686274509803922
0.0700280112044818
0.030812324929972
0.0322128851540616
0.0476190476190477
0.0420168067226891
0.0252100840336134
0.0420168067226891
0.0294117647058824
0.0280112044817927
0.0364145658263306
0.0588235294117647
0.0336134453781513
0.072829131652661
0.0490196078431372
0.0336134453781513
0.0350140056022409
0.0406162464985995
0.0350140056022409
0.0798319327731092
0.0448179271708684
0.0252100840336135
0.0322128851540616
0.0378151260504202
0.0322128851540616
0.0434173669467787
0.0560224089635855
0.0294117647058824
0.0266106442577031
0.0364145658263306
0.0644257703081232
0.030812324929972
0.0378151260504201
0.0420168067226891
0.0266106442577031
0.0266106442577031
0.0588235294117647
0.0252100840336134
0.0280112044817927
0.0322128851540616
0.0490196078431373
0.0476190476190477
0.0560224089635854
0.0392156862745098
0.0238095238095238
0.026610644257703
0.0322128851540616
0.0504201680672269
0.0294117647058824
0.0532212885154062
0.0406162464985994
0.0490196078431373
0.0574229691876751
0.0364145658263305
0.0420168067226891
0.0518207282913165
0.0378151260504202
0.046218487394958
0.0406162464985995
0.0644257703081233
0.046218487394958
0.0392156862745098
0.0322128851540616
0.0280112044817927
0.030812324929972
0.0224089635854341
0.0700280112044818
0.0294117647058824
0.0322128851540616
0.0350140056022409
0.0336134453781513
0.0476190476190476
0.061624649859944
0.0532212885154062
0.0434173669467787
0.0392156862745098
0.0504201680672269
0.0280112044817927
0.0756302521008403
0.0532212885154062
0.0406162464985994
0.0518207282913165
0.0406162464985994
0.0350140056022409
0.0252100840336135
0.0378151260504202
0.0364145658263305
0.0252100840336134
0.0700280112044818
0.0364145658263305
0.0700280112044818
0.0448179271708684
0.0700280112044818
0.035014005602241
0.0518207282913165
0.092436974789916
0.0714285714285714
0.0210084033613446
0.0420168067226891
0.0336134453781513
0.0392156862745098
0.0322128851540616
0.035014005602241
0.0630252100840336
0.0322128851540616
0.061624649859944
0.0448179271708683
0.0280112044817927
0.0294117647058824
0.0322128851540617
0.057422969187675
0.0476190476190476
0.0266106442577031
0.061624649859944
0.0434173669467787
0.0266106442577031
0.0322128851540616
0.0574229691876751
0.0420168067226891
0.0378151260504202
0.030812324929972
0.0420168067226891
0.0364145658263305
0.0630252100840336
0.0350140056022409
0.0448179271708683
0.0560224089635854
0.0406162464985995
0.0546218487394958
0.0350140056022409
0.0294117647058824
0.057422969187675
0.0224089635854342
0.0280112044817927
0.0392156862745099
0.0896358543417367
0.0406162464985995
0.0406162464985995
0.0378151260504202
0.0238095238095238
0.0560224089635855
0.0672268907563025
0.0406162464985995
0.0434173669467787
0.0350140056022409
0.0406162464985994
0.0434173669467787
0.0252100840336134
0.0322128851540616
0.0280112044817927
0.0336134453781513
0.0588235294117647
0.0476190476190476
0.0784313725490196
0.026610644257703
0.0350140056022409
0.0392156862745098
0.0630252100840336
0.07703081232493
0.0364145658263305
0.0294117647058824
0.0350140056022409
0.0280112044817927
0.0364145658263305
0.0294117647058824
0.0336134453781513
0.0266106442577031
0.061624649859944
0.0602240896358543
0.0294117647058824
0.0392156862745098
0.0602240896358544
0.0434173669467787
0.0336134453781513
0.0378151260504203
0.0294117647058824
0.092436974789916
0.0294117647058824
0.0378151260504201
0.0532212885154062
0.0322128851540616
0.0252100840336135
0.030812324929972
0.0420168067226891
0.0364145658263305
0.0700280112044818
0.0210084033613445
0.0210084033613446
0.0322128851540616
0.0476190476190476
0.0630252100840336
0.0406162464985994
0.0560224089635854
0.0350140056022409
0.030812324929972
0.046218487394958
0.0574229691876751
0.0434173669467787
0.0630252100840336
0.0476190476190476
0.0518207282913165
0.0350140056022409
0.0280112044817927
0.0378151260504202
0.0350140056022409
0.0518207282913165
0.0350140056022409
0.0476190476190476
0.0224089635854342
0.0252100840336135
0.0644257703081232
0.0672268907563025
0.0392156862745098
0.0826330532212885
0.0448179271708684
0.0476190476190477
0.0322128851540616
0.0322128851540616
0.0518207282913165
0.0364145658263305
0.0322128851540616
0.0448179271708684
0.0350140056022409
0.0322128851540616
0.0672268907563025
0.0280112044817927
0.0336134453781513
0.0294117647058824
0.0462184873949579
0.0350140056022409
0.0448179271708683
0.0406162464985994
0.0420168067226891
0.0350140056022409
0.0406162464985995
0.0490196078431373
0.0504201680672268
0.0378151260504202
0.0350140056022409
0.0588235294117647
0.0658263305322129
0.0252100840336135
0.0448179271708684
0.0504201680672269
0.046218487394958
0.0630252100840336
0.0518207282913166
0.0784313725490196
0.0504201680672269
0.0798319327731093
0.046218487394958
0.0350140056022409
0.0546218487394958
0.0294117647058824
0.0294117647058824
0.0420168067226891
0.0532212885154062
0.0210084033613446
0.0532212885154062
0.061624649859944
0.057422969187675
0.0252100840336135
0.0448179271708684
0.0252100840336134
0.0336134453781513
0.0378151260504202
0.0798319327731093
0.030812324929972
0.0532212885154061
0.0266106442577031
0.0378151260504202
0.0532212885154062
0.0350140056022409
0.0546218487394958
0.0448179271708684
0.0434173669467787
0.0322128851540616
0.0364145658263305
0.0336134453781513
0.0336134453781513
0.0490196078431373
0.0350140056022409
0.030812324929972
0.0658263305322129
0.030812324929972
0.046218487394958
0.0546218487394958
0.0742296918767507
0.0392156862745098
0.0350140056022409
0.061624649859944
0.0434173669467787
0.0378151260504202
0.030812324929972
0.0322128851540616
0.0406162464985994
0.0420168067226891
0.0448179271708683
0.0392156862745098
0.0182072829131653
0.0350140056022409
0.0364145658263305
0.0434173669467787
0.0252100840336135
0.0294117647058824
0.0588235294117647
0.0322128851540616
0.0266106442577031
0.0238095238095238
0.0294117647058823
0.0350140056022409
0.0448179271708684
0.030812324929972
0.0406162464985994
0.0406162464985994
0.061624649859944
0.0350140056022409
0.0336134453781514
0.030812324929972
0.0238095238095237
0.0406162464985994
0.0336134453781513
0.0322128851540616
0.0168067226890756
0.0462184873949579
0.0322128851540616
0.0266106442577031
0.07703081232493
0.0252100840336135
0.0448179271708683
0.0392156862745098
0.0574229691876751
0.0462184873949579
0.0532212885154062
0.0238095238095238
0.0518207282913165
0.0448179271708684
0.0476190476190477
0.0546218487394958
0.0280112044817927
0.0266106442577031
0.0378151260504203
0.0336134453781513
0.030812324929972
0.046218487394958
0.042016806722689
0.0644257703081233
0.0294117647058824
0.0392156862745098
0.0378151260504201
0.0434173669467787
0.0364145658263306
0.0378151260504203
0.0406162464985994
0.0742296918767507
0.0434173669467787
0.0280112044817927
0.0350140056022409
0.0336134453781513
0.0574229691876751
0.0490196078431373
0.0476190476190476
0.0350140056022409
0.030812324929972
0.0560224089635854
0.0266106442577031
0.0322128851540616
0.0224089635854342
0.103641456582633
0.061624649859944
0.0364145658263305
0.0476190476190476
0.0224089635854342
0.0350140056022409
0.0364145658263305
0.0392156862745099
0.0322128851540616
0.0518207282913166
0.0392156862745098
0.0560224089635854
0.0434173669467787
0.0504201680672269
0.0448179271708683
0.046218487394958
0.0686274509803921
0.0336134453781513
0.0518207282913166
0.0504201680672269
0.0378151260504202
0.0560224089635855
0.0658263305322129
0.0700280112044818
0.102240896358543
0.0336134453781514
0.0364145658263305
0.030812324929972
0.0336134453781514
0.030812324929972
0.0476190476190476
0.0322128851540616
0.0420168067226891
0.0238095238095238
0.0280112044817927
0.0322128851540616
0.0336134453781513
0.0756302521008403
0.0336134453781513
0.0532212885154062
0.0392156862745098
0.0294117647058824
0.0434173669467787
0.0546218487394958
0.0448179271708684
0.0574229691876751
0.0336134453781513
0.0700280112044818
0.0406162464985994
0.0476190476190476
0.0266106442577031
0.042016806722689
0.0448179271708684
0.0238095238095238
0.0546218487394958
0.0364145658263305
0.042016806722689
0.0350140056022409
0.0294117647058824
0.0392156862745099
0.0504201680672269
0.0504201680672269
0.0574229691876751
0.0294117647058824
0.030812324929972
0.0336134453781513
0.0322128851540616
0.0252100840336135
0.0322128851540616
0.0434173669467787
0.0420168067226891
0.0378151260504202
0.061624649859944
0.0322128851540616
0.0392156862745098
0.030812324929972
0.0266106442577031
0.0392156862745098
0.030812324929972
0.0280112044817927
0.0448179271708684
0.0350140056022409
0.0322128851540616
0.0378151260504201
0.0420168067226891
0.0280112044817927
0.0406162464985995
0.0364145658263306
0.0406162464985994
0.0364145658263305
0.0406162464985995
0.0476190476190476
0.0266106442577031
0.0658263305322129
0.0392156862745098
0.0336134453781513
0.0322128851540616
0.0504201680672269
0.0392156862745099
0.046218487394958
0.0350140056022409
0.0588235294117647
0.0350140056022409
0.0392156862745098
0.0280112044817927
0.0266106442577031
0.0448179271708684
0.0714285714285714
0.046218487394958
0.0854341736694678
0.030812324929972
0.0518207282913165
0.0224089635854342
0.030812324929972
0.0602240896358544
0.046218487394958
0.0532212885154062
0.0336134453781513
0.0448179271708684
0.0322128851540616
0.0322128851540616
0.0966386554621849
0.0742296918767508
0.0462184873949579
0.0224089635854342
0.0322128851540616
0.0420168067226891
0.0532212885154062
0.0476190476190476
0.0448179271708683
0.0392156862745098
0.0252100840336135
0.042016806722689
0.0252100840336134
0.0392156862745098
0.061624649859944
0.0364145658263305
0.0350140056022409
0.046218487394958
0.0266106442577031
0.0602240896358543
0.0602240896358544
0.0448179271708684
0.0490196078431373
0.0448179271708684
0.0504201680672269
0.0476190476190476
0.0350140056022409
0.030812324929972
0.0504201680672269
0.0448179271708684
0.0448179271708684
0.0378151260504202
0.0630252100840336
0.0364145658263305
0.0322128851540616
0.0602240896358543
0.0490196078431373
0.0322128851540616
0.061624649859944
0.0420168067226891
0.0546218487394958
0.030812324929972
0.0644257703081232
0.0574229691876751
0.0406162464985994
0.0504201680672269
0.0266106442577031
0.0266106442577031
0.0280112044817927
0.0350140056022409
0.0392156862745098
0.0350140056022409
0.0434173669467788
0.0546218487394958
0.0364145658263305
0.0518207282913165
0.046218487394958
0.0630252100840336
0.0532212885154062
0.0994397759103642
0.0784313725490196
0.0504201680672269
0.0560224089635855
0.0448179271708684
0.0490196078431373
0.0210084033613445
0.0378151260504201
0.0504201680672268
0.030812324929972
0.030812324929972
0.0280112044817927
0.0266106442577031
0.0378151260504202
0.0448179271708684
0.046218487394958
0.0448179271708683
0.0364145658263306
0.0364145658263305
0.0322128851540616
0.0294117647058824
0.0574229691876751
0.0504201680672269
0.0434173669467788
0.0602240896358544
0.0630252100840336
0.0448179271708684
0.0336134453781513
0.0392156862745098
0.0448179271708684
0.0406162464985995
0.0420168067226892
0.0406162464985994
0.0392156862745098
0.0392156862745098
0.046218487394958
0.0518207282913165
0.0714285714285714
0.0434173669467787
0.0490196078431373
0.0420168067226891
0.0336134453781513
0.0322128851540616
0.0728291316526611
0.0392156862745098
0.0378151260504202
0.0448179271708684
0.0658263305322129
0.0448179271708683
0.0350140056022409
0.0406162464985994
0.0322128851540616
0.0588235294117647
0.0266106442577031
0.061624649859944
0.0462184873949579
0.0266106442577031
0.0406162464985995
0.030812324929972
0.0238095238095238
0.0336134453781513
0.0336134453781514
0.0518207282913165
0.030812324929972
0.0602240896358544
0.0364145658263305
0.0476190476190476
0.042016806722689
0.0490196078431373
0.0280112044817927
0.046218487394958
0.0252100840336135
0.0266106442577031
0.0392156862745098
0.0420168067226891
0.030812324929972
0.0490196078431373
0.0420168067226891
0.0378151260504202
0.0420168067226891
0.0294117647058824
0.0392156862745098
0.0518207282913165
0.0420168067226891
0.0938375350140056
0.0378151260504202
0.0336134453781513
0.0406162464985995
0.0336134453781513
0.0406162464985994
0.0490196078431373
0.0238095238095238
0.0560224089635855
0.0518207282913165
0.0518207282913165
0.0280112044817927
0.0378151260504202
0.0504201680672269
0.046218487394958
0.0448179271708684
0.0378151260504202
0.0350140056022409
0.0322128851540616
0.0266106442577031
0.0658263305322129
0.030812324929972
0.0350140056022409
0.0560224089635854
0.0280112044817927
0.0574229691876751
0.0686274509803921
0.0364145658263306
0.0742296918767507
0.0182072829131653
0.0490196078431373
0.0294117647058823
0.0294117647058824
0.0406162464985994
0.0476190476190476
0.0532212885154062
0.0364145658263305
0.0406162464985994
0.0560224089635854
0.0434173669467787
0.0434173669467787
0.0336134453781513
0.0504201680672269
0.0336134453781513
0.0588235294117647
0.0490196078431373
0.0210084033613446
0.0532212885154062
0.0406162464985994
0.0336134453781514
0.0518207282913166
0.0378151260504202
0.0336134453781513
0.0854341736694678
0.0252100840336135
0.0798319327731092
0.0490196078431373
0.0574229691876751
0.0406162464985994
0.0350140056022409
0.0490196078431373
0.0742296918767507
0.0294117647058824
0.0406162464985994
0.0504201680672268
0.0406162464985994
0.0406162464985994
0.0420168067226891
0.061624649859944
0.0574229691876751
0.0336134453781513
0.042016806722689
0.0434173669467787
0.0728291316526611
0.0546218487394958
0.0672268907563025
0.0672268907563025
0.0350140056022409
0.0476190476190477
0.0196078431372549
0.0448179271708683
0.0238095238095238
0.0336134453781513
0.0336134453781513
0.0266106442577031
0.0476190476190476
0.0392156862745099
0.0560224089635854
0.0252100840336135
0.0336134453781513
0.0364145658263305
0.0574229691876751
0.0518207282913165
0.0434173669467787
0.0476190476190476
0.0266106442577031
0.0350140056022409
0.0546218487394958
0.0476190476190477
0.0378151260504202
0.0448179271708684
0.0490196078431373
0.0350140056022409
0.0364145658263306
0.046218487394958
0.030812324929972
0.0448179271708684
0.0840336134453782
0.0504201680672269
0.0490196078431373
0.0266106442577031
0.0490196078431373
0.0294117647058824
0.061624649859944
0.0364145658263305
0.0364145658263305
0.0784313725490196
0.0350140056022409
0.0490196078431373
0.0322128851540616
0.0336134453781513
0.0280112044817927
0.0280112044817927
0.0658263305322129
0.0462184873949579
0.046218487394958
0.0168067226890757
0.0350140056022409
0.0322128851540616
0.0252100840336135
0.046218487394958
0.0546218487394958
0.0448179271708684
0.0644257703081232
0.0280112044817927
0.0532212885154062
0.0392156862745098
0.0406162464985994
0.0350140056022409
0.0252100840336135
0.0756302521008403
0.0322128851540616
0.0518207282913165
0.0560224089635855
0.0294117647058824
0.046218487394958
0.0420168067226891
0.0406162464985994
0.0448179271708683
0.0546218487394958
0.0322128851540616
0.046218487394958
0.0322128851540616
0.0658263305322129
0.0322128851540616
0.0448179271708684
0.0518207282913165
0.0378151260504201
0.0336134453781513
0.0336134453781513
0.0238095238095238
0.0392156862745098
0.0322128851540616
0.0658263305322129
0.0406162464985994
0.0476190476190476
0.0448179271708684
0.0490196078431373
0.061624649859944
0.0392156862745098
0.0266106442577031
0.0406162464985994
0.0994397759103641
0.0350140056022409
0.0322128851540616
0.0574229691876751
0.0378151260504202
0.0210084033613446
0.0252100840336135
0.0560224089635855
0.0714285714285714
0.0700280112044818
0.0280112044817927
0.0392156862745098
0.0336134453781513
0.0868347338935574
0.046218487394958
0.0350140056022409
0.0392156862745098
0.0280112044817927
0.106442577030812
0.0392156862745098
0.0280112044817927
0.0476190476190476
0.072829131652661
0.0294117647058824
0.061624649859944
0.0322128851540616
0.0434173669467787
0.0434173669467788
0.0504201680672269
0.0280112044817927
0.0238095238095238
0.0378151260504203
0.0322128851540616
0.0518207282913165
0.0294117647058824
0.0378151260504202
0.0378151260504202
0.0476190476190477
0.0336134453781513
0.030812324929972
0.0350140056022409
0.0532212885154062
0.0504201680672269
0.0336134453781513
0.0504201680672269
0.0280112044817927
0.0434173669467788
0.0490196078431372
0.0476190476190476
0.0378151260504202
0.0294117647058823
0.0350140056022409
0.0448179271708684
0.0546218487394958
0.0672268907563025
0.0350140056022409
0.0350140056022409
0.0420168067226891
0.0476190476190477
0.0252100840336135
0.0224089635854342
0.0434173669467787
0.0504201680672269
0.0714285714285715
0.0322128851540616
0.0798319327731092
0.0210084033613446
0.0854341736694678
0.0448179271708684
0.0504201680672269
0.0392156862745098
0.0574229691876751
0.0434173669467787
0.042016806722689
0.0378151260504202
0.0392156862745099
0.0504201680672269
0.0420168067226891
0.042016806722689
0.030812324929972
0.0392156862745098
0.0434173669467787
0.0322128851540616
0.0546218487394958
0.0322128851540616
0.0280112044817927
0.0420168067226891
0.0546218487394958
0.0532212885154061
0.0322128851540616
0.0504201680672269
0.0294117647058824
0.0378151260504202
0.0406162464985995
0.0364145658263305
0.0336134453781513
0.0210084033613445
0.0210084033613446
0.0560224089635854
0.0406162464985995
0.0182072829131653
0.0378151260504203
